000000110010100111100
010100000011000111100100001111101101001100100101010010001101110100100011100010111100010100001000
01100001110110111000011110000001000000001000011001011001
110101010001101110010001111010111010011101001010100001000010100010011111000100111101010011100010000001010110100011001011001
01100010111011110110101111011110010100011010100001001101110111101110101110100000001011011001000000011
110010110100001100001100101011000010011110101011100110010101000000010010101010000000011001010110010101010001101
11101101001100010100001000000011000001111010001000011011111000010111100001101000010100001001101110111
111011010011001000100001100001100101011011010100100100000010000111100101011110110101111000100001010000000010000011100001100101010001101

11000011000101010101100111
110010101010000100000001100101011001111110101010000100001000001000000011001011110011001011010000110101101110011001001000001000110000101001010000011001010110001100001000010011110101001110000011011011101010000011011001000
1100101010100001000000011001010110011111101010100001000010000010000000110010111100110010110100001101010000100010111001100101110110010100110000100100111011011110111000011000111000011001010011000010011100101011001000
01010000000000110010110010000110010101101100101010100001000010100000000001100101100100001100101011011001010101000010000101000000000011001011001111011000011110000110010101101100101010100001000
11001010101000010000000110010101100111111010101000010000100000100000001100101111001100101101000011010110111001100100100000100011000010100101001001110000011011011101010000011011001000

000000110010100111100
0101000000110001111001000011111011010011001001010100100011010100001011110101111101100100100001011110111000011011111100010000101000011001011001
11000011000010011001110001000010100110000100001001100001010001000011101010011111011010000111001100100010000101000011001011001
0110001011101111011010111101111001010110100010000110111101000101100000000000000100111101101000100100001000
1110110100110010001000011000011001010110110101001001000000100001100000100101010101111000001111000011001010110101001110110001011001
0001001111010001010000100011101101001100100010000110111010100001000101111110010000000000011001011001
0000110010101101010010010101010011111100001100000100011100010000010011110110001000100110001111010010111000011100101011001000

11000011000101010101100111
110010101010000100000001100101011001111110101010000100001000001000000011001011110011001011010000110101101110011001001000001000110000101001010000011001010110001100001000010011110101001110000011011011101010000011011001000
1100101010100001000000011001010110011111101010100001000010000010000000110010111100110010110100001101010000100010111001100101110110010100110000100100111011011110111000011000111000011001010011000010011100101011001000
01010000000000110010110010000110010101101100101010100001000010100000000001100101100100001100101011011001010101000010000101000000000011001011001111011000011110000110010101101100101010100001000
11001010101000010000000110010101100111111010101000010000100000100000001100101111001100101101000011010110111001100100100000100011000010100101001001110000011011011101010000011011001000